1,1,1,1,794.2736818181818
1,1,1,2,1615.7654545454538
1,1,1,4,3238.1936363636364
1,1,1,8,6278.535454545454
1,1,1,16,11585.150000000003
1,1,1,32,17717.30909090909
1,1,1,64,30616.322727272727
1,1,1,128,57003.01363636364
1,1,2,1,1041.3990909090908
1,1,2,2,2072.1577272727272
1,1,2,4,3807.7745454545457
1,1,2,8,5805.313636363636
1,1,2,16,11208.018181818183
1,1,2,32,22632.75
1,1,2,64,45218.63181818182
1,1,2,128,87060.8590909091
1,1,4,1,1247.1959090909093
1,1,4,2,2357.5704545454546
1,1,4,4,3627.585
1,1,4,8,4055.2759090909094
1,1,4,16,7530.558181818182
1,1,4,32,14965.990909090908
1,1,4,64,30111.231818181815
1,1,4,128,62351.945454545465
1,1,8,1,1222.9095454545457
1,1,8,2,2110.5249999999996
1,1,8,4,2773.4813636363633
1,1,8,8,5240.6845454545455
1,1,8,16,10595.65909090909
1,1,8,32,21305.81818181818
1,1,8,64,42533.98181818183
1,1,8,128,85510.05454545455
1,1,16,1,1227.423
1,1,16,2,2030.464
1,1,16,4,3884.814
1,1,16,8,7765.3385
1,1,16,16,15356.585000000003
1,1,16,32,30637.315000000002
1,1,16,64,61446.37000000001
1,1,32,1,1199.4115000000002
1,1,32,2,2041.4795000000001
1,1,32,4,3921.198
1,1,32,8,7888.245500000001
1,1,32,16,15656.59
1,1,32,32,31033.589999999997
1,1,32,64,62242.49999999999
1,2,1,1,1412.9045454545455
1,2,1,2,2885.7909090909093
1,2,1,4,5777.35909090909
1,2,1,8,10720.581818181818
1,2,1,16,20438.75
1,2,1,32,40663.82727272727
1,2,1,64,80667.58636363636
1,2,1,128,150637.4545454546
1,2,2,1,1920.6922727272731
1,2,2,2,3653.901818181818
1,2,2,4,5903.786363636364
1,2,2,8,6154.808636363637
1,2,2,16,11825.77272727273
1,2,2,32,24107.368181818187
1,2,2,64,49413.70454545454
1,2,2,128,103225.5
1,2,4,1,2037.2618181818182
1,2,4,2,3579.913181818182
1,2,4,4,4603.180909090909
1,2,4,8,8633.731818181817
1,2,4,16,17306.886363636364
1,2,4,32,34806.49545454546
1,2,4,64,69927.66818181818
1,2,4,128,140665.27272727274
1,2,8,1,1907.2495454545451
1,2,8,2,3047.376363636364
1,2,8,4,5618.395909090908
1,2,8,8,11226.709090909091
1,2,8,16,22206.331818181818
1,2,8,32,44431.83181818181
1,2,8,64,89841.89090909093
1,2,8,128,180182.90909090906
1,2,16,1,1744.614
1,2,16,2,3464.4190000000003
1,2,16,4,6856.169999999998
1,2,16,8,13699.129999999997
1,2,16,16,27330.64
1,2,16,32,54717.295
1,2,16,64,109386.05
1,4,1,1,2459.555909090909
1,4,1,2,4939.724545454545
1,4,1,4,9832.094545454545
1,4,1,8,17518.245454545453
1,4,1,16,32271.75909090909
1,4,1,32,63854.51818181819
1,4,1,64,125711.81818181818
1,4,1,128,233792.7272727273
1,4,2,1,3379.9254545454546
1,4,2,2,5412.894545454546
1,4,2,4,5660.312727272728
1,4,2,8,10337.14090909091
1,4,2,16,21193.81818181818
1,4,2,32,43732.854545454546
1,4,2,64,90419.38636363637
1,4,2,128,192643.2727272728
1,4,4,1,3069.9645454545457
1,4,4,2,5006.556363636364
1,4,4,4,8811.965
1,4,4,8,17667.454545454544
1,4,4,16,35001.04545454545
1,4,4,32,70856.35714285714
1,4,4,64,141520.38095238092
1,4,4,128,280166.38095238095
1,4,8,1,2521.134285714286
1,4,8,2,5036.884285714285
1,4,8,4,9654.56238095238
1,4,8,8,19273.509523809524
1,4,8,16,38542.56666666667
1,4,8,32,77197.80476190477
1,4,8,64,154256.42857142858
1,8,1,1,4788.261428571428
1,8,1,2,9568.072857142859
1,8,1,4,18750.009523809524
1,8,1,8,34054.47619047618
1,8,1,16,66018.65238095238
1,8,1,32,130591.80952380953
1,8,1,64,254406.95238095243
1,8,1,128,486537.3333333334
1,8,2,1,4537.41
1,8,2,2,4107.626666666666
1,8,2,4,9107.47095238095
1,8,2,8,17192.51904761905
1,8,2,16,35932.519047619055
1,8,2,32,70958.06666666667
1,8,2,64,142197.38095238095
1,8,4,1,3856.975714285714
1,8,4,2,7617.975714285714
1,8,4,4,14551.64761904762
1,8,4,8,29030.76666666667
1,8,4,16,57800.14285714286
1,8,4,32,115788.09523809525
1,8,4,64,229023.14285714293
1,16,1,1,8807.022500000001
1,16,1,2,16012.600000000004
1,16,1,4,33230.725000000006
1,16,1,8,62135.72499999999
1,16,1,16,121858.7
1,16,1,32,241495.35
1,16,1,64,478182.4
1,16,1,128,958696.0999999999
1,16,2,1,3498.4700000000003
1,16,2,2,6930.194000000001
1,16,2,4,13576.365
1,16,2,8,26961.505000000005
1,16,2,16,53264.590000000004
1,16,2,32,106617.1
1,32,1,1,14069.465
1,32,1,2,27228.484999999993
1,32,1,4,52480.43
1,32,1,8,102103.59500000002
1,32,1,16,203675.05
1,32,1,32,407859.8499999999
1,32,1,64,822609.5499999999
1,32,1,128,1366261.0
2,1,1,1,903.8240952380951
2,1,1,2,1825.2766666666664
2,1,1,4,3677.109047619047
2,1,1,8,7251.251428571429
2,1,1,16,13883.647619047622
2,1,1,32,25292.357142857138
2,1,1,64,48197.37142857142
2,1,1,128,93021.72857142858
2,1,2,1,1359.7147619047619
2,1,2,2,2696.9785714285713
2,1,2,4,4994.4514285714295
2,1,2,8,7145.436666666666
2,1,2,16,13735.180952380953
2,1,2,32,27822.34761904762
2,1,2,64,56405.580952380944
2,1,2,128,111655.0
2,1,4,1,1861.8076190476193
2,1,4,2,3478.4885714285715
2,1,4,4,5329.0605
2,1,4,8,5794.3820000000005
2,1,4,16,10838.480000000001
2,1,4,32,21879.109999999997
2,1,4,64,44393.299999999996
2,1,4,128,88923.04000000001
2,1,8,1,1952.014
2,1,8,2,3159.7145
2,1,8,4,4183.6485
2,1,8,8,7866.150499999999
2,1,8,16,15819.550000000001
2,1,8,32,31981.649999999998
2,1,8,64,64356.12999999999
2,1,8,128,128959.35
2,1,16,1,1946.3984999999998
2,1,16,2,3246.9255000000003
2,1,16,4,6275.7225
2,1,16,8,12530.72
2,1,16,16,24871.08
2,1,16,32,49622.76500000001
2,1,16,64,98941.21000000002
2,1,32,1,1897.9989999999998
2,1,32,2,3259.662
2,1,32,4,6369.499
2,1,32,8,12690.180000000002
2,1,32,16,25221.954999999994
2,1,32,32,50390.05000000001
2,1,32,64,100690.9
2,2,1,1,1704.7545
2,2,1,2,3441.272
2,2,1,4,6912.651000000001
2,2,1,8,13181.619999999999
2,2,1,16,25645.894999999997
2,2,1,32,51287.070000000014
2,2,1,64,101560.90000000002
2,2,1,128,192931.65000000002
2,2,2,1,2623.9160000000006
2,2,2,2,4945.639499999999
2,2,2,4,7146.667
2,2,2,8,6189.61
2,2,2,16,11884.115000000002
2,2,2,32,23572.64
2,2,2,64,47557.27000000001
2,2,2,128,96901.56
2,2,4,1,3144.878
2,2,4,2,5340.267500000001
2,2,4,4,6366.699
2,2,4,8,12130.910000000002
2,2,4,16,24229.294999999995
2,2,4,32,49482.455
2,2,4,64,99336.48000000001
2,2,4,128,197557.55
2,2,8,1,3107.0165
2,2,8,2,4411.3685
2,2,8,4,8305.259
2,2,8,8,16511.08
2,2,8,16,32869.31
2,2,8,32,66226.19999999998
2,2,8,64,133849.84999999998
2,2,16,1,2856.758999999999
2,2,16,2,5722.667999999999
2,2,16,4,11289.195
2,2,16,8,22558.320000000003
2,2,16,16,44950.705
2,2,16,32,89945.68000000001
2,2,16,64,179866.95
2,4,1,1,3264.368
2,4,1,2,6515.9245
2,4,1,4,13019.59
2,4,1,8,23126.385000000006
2,4,1,16,44107.095
2,4,1,32,90194.57500000001
2,4,1,64,174980.55
2,4,1,128,340427.69999999995
2,4,2,1,4787.440999999999
2,4,2,2,6119.761999999999
2,4,2,4,5078.0245
2,4,2,8,8914.759
2,4,2,16,18996.435000000005
2,4,2,32,38202.41000000001
2,4,2,64,76999.965
2,4,2,128,167036.7
2,4,4,1,4900.7135
2,4,4,2,6537.7155
2,4,4,4,11830.075
2,4,4,8,23975.459999999995
2,4,4,16,47460.19
2,4,4,32,96834.235
2,4,4,64,191916.19999999998
2,4,8,1,3955.4945000000007
2,4,8,2,7669.777000000001
2,4,8,4,14943.904999999999
2,4,8,8,29776.460000000003
2,4,8,16,59254.89
2,4,8,32,118766.5
2,4,8,64,234367.44999999995
2,8,1,1,6147.5419999999995
2,8,1,2,12263.485000000004
2,8,1,4,24170.04
2,8,1,8,44459.064999999995
2,8,1,16,89398.545
2,8,1,32,180914.8
2,8,1,64,355884.35
2,8,1,128,698534.3500000001
2,8,2,1,4721.5235
2,8,2,2,3615.2314999999994
2,8,2,4,7312.568
2,8,2,8,15819.165000000003
2,8,2,16,30682.645
2,8,2,32,60600.625
2,8,2,64,119488.34999999999
2,8,4,1,5380.515499999999
2,8,4,2,10685.444999999998
2,8,4,4,20650.165000000005
2,8,4,8,41084.340000000004
2,8,4,16,81334.025
2,8,4,32,163054.15
2,8,4,64,326019.05
2,16,1,1,11882.615
2,16,1,2,22305.4
2,16,1,4,44258.710000000014
2,16,1,8,84229.675
2,16,1,16,173181.59999999998
2,16,1,32,345352.80000000005
2,16,1,64,677197.5
2,16,1,128,1113434.5
2,16,2,1,3455.8534999999993
2,16,2,2,6832.269999999999
2,16,2,4,13343.835000000001
2,16,2,8,26373.685
2,16,2,16,52750.33999999999
2,16,2,32,105583.6
2,32,1,1,19946.144999999997
2,32,1,2,38937.7
2,32,1,4,75304.51000000001
2,32,1,8,149860.3
2,32,1,16,303123.9
2,32,1,32,602042.8
2,32,1,64,1006101.7
2,32,1,128,1505870.0
4,1,1,1,979.2348000000002
4,1,1,2,1966.8300000000002
4,1,1,4,3955.1785000000004
4,1,1,8,7851.6105
4,1,1,16,15297.649999999998
4,1,1,32,27272.260000000002
4,1,1,64,53773.215000000004
4,1,1,128,103285.62
4,1,2,1,1602.5
4,1,2,2,3169.0685000000003
4,1,2,4,5837.910000000001
4,1,2,8,7305.191
4,1,2,16,14169.275000000001
4,1,2,32,28497.995000000003
4,1,2,64,57221.065
4,1,2,128,118482.35
4,1,4,1,2415.026
4,1,4,2,4525.673500000001
4,1,4,4,7048.3
4,1,4,8,7605.652500000003
4,1,4,16,14502.135
4,1,4,32,29214.19
4,1,4,64,59273.604999999996
4,1,4,128,116477.29999999997
4,1,8,1,2740.3784999999993
4,1,8,2,4255.803999999999
4,1,8,4,5261.6365
4,1,8,8,10063.920000000002
4,1,8,16,20039.354999999996
4,1,8,32,40302.97499999999
4,1,8,64,81241.20000000001
4,1,16,1,2617.156
4,1,16,2,4032.6745
4,1,16,4,7878.089000000001
4,1,16,8,15691.62
4,1,16,16,31003.520000000008
4,1,16,32,61896.695
4,1,16,64,123548.15000000001
4,1,32,1,2586.6070000000004
4,1,32,2,4116.159500000001
4,1,32,4,8027.207999999999
4,1,32,8,16000.719999999998
4,1,32,16,31682.375
4,1,32,32,63198.08499999999
4,1,32,64,126152.20000000001
4,2,1,1,1896.7209999999998
4,2,1,2,3816.8099999999995
4,2,1,4,7627.5689999999995
4,2,1,8,14878.245
4,2,1,16,29158.805000000004
4,2,1,32,58214.175
4,2,1,64,114273.15000000001
4,2,1,128,225639.25
4,2,2,1,3062.8784999999993
4,2,2,2,5797.408
4,2,2,4,7172.9595
4,2,2,8,6341.774
4,2,2,16,11839.160000000003
4,2,2,32,24135.145
4,2,2,64,48100.69500000001
4,2,2,128,96775.20999999998
4,2,4,1,4195.9515
4,2,4,2,6951.835000000001
4,2,4,4,7976.187499999999
4,2,4,8,15450.625
4,2,4,16,30837.08
4,2,4,32,61745.340000000004
4,2,4,64,122874.59999999999
4,2,8,1,4277.9065
4,2,8,2,5339.995
4,2,8,4,10328.060000000001
4,2,8,8,20599.715
4,2,8,16,40979.795000000006
4,2,8,32,82156.55500000001
4,2,8,64,163285.80000000002
4,2,16,1,3645.1490000000003
4,2,16,2,7250.1965
4,2,16,4,14145.430000000002
4,2,16,8,28212.565000000002
4,2,16,16,55992.35500000001
4,2,16,32,112078.50000000001
4,2,16,64,221514.65
4,4,1,1,3715.258
4,4,1,2,7443.551999999998
4,4,1,4,14852.520000000002
4,4,1,8,26265.56
4,4,1,16,50262.39000000001
4,4,1,32,101978.33500000002
4,4,1,64,203062.80000000002
4,4,1,128,402469.55000000005
4,4,2,1,5694.619500000001
4,4,2,2,6454.5109999999995
4,4,2,4,4936.096
4,4,2,8,9641.171000000002
4,4,2,16,19833.865
4,4,2,32,39068.61499999999
4,4,2,64,76394.90999999999
4,4,4,1,6498.2045
4,4,4,2,6944.64
4,4,4,4,13585.875
4,4,4,8,27019.129999999997
4,4,4,16,53424.035
4,4,4,32,108117.1
4,4,4,64,220352.35
4,4,8,1,5185.025
4,4,8,2,10279.55
4,4,8,4,20196.865
4,4,8,8,40031.32
4,4,8,16,79130.79500000001
4,4,8,32,158129.50000000003
4,4,8,64,316111.95000000007
4,8,1,1,6851.8505000000005
4,8,1,2,13630.835000000001
4,8,1,4,26810.43
4,8,1,8,50153.7
4,8,1,16,101683.745
4,8,1,32,204664.29999999996
4,8,1,64,407297.35000000003
4,8,1,128,669990.3
4,8,2,1,4665.5315
4,8,2,2,3311.1984999999995
4,8,2,4,6960.646000000001
4,8,2,8,14546.81
4,8,2,16,29703.799999999996
4,8,2,32,57701.25999999999
4,8,4,1,6281.103500000001
4,8,4,2,12475.845000000001
4,8,4,4,24389.16
4,8,4,8,48208.80999999999
4,8,4,16,96346.32
4,8,4,32,192918.59999999995
4,16,1,1,13526.624999999998
4,16,1,2,25768.505
4,16,1,4,50783.35
4,16,1,8,100449.86999999998
4,16,1,16,201935.29999999996
4,16,1,32,401831.95000000007
4,16,1,64,668739.6
4,16,1,128,996234.0
4,16,2,1,3235.575000000001
4,16,2,2,6437.419
4,16,2,4,12378.33
4,16,2,8,24780.149999999998
4,16,2,16,49582.365000000005
4,32,1,1,24789.789999999997
4,32,1,2,48289.030000000006
4,32,1,4,94782.71499999998
4,32,1,8,188603.05
4,32,1,16,382386.30000000005
4,32,1,32,633339.5
4,32,1,64,947743.5999999999
4,32,1,128,1909733.5
8,1,1,1,1022.554
8,1,1,2,2051.2160000000003
8,1,1,4,4103.089500000001
8,1,1,8,8164.5625
8,1,1,16,16028.075
8,1,1,32,28481.010000000002
8,1,1,64,54347.515
8,1,1,128,109002.05
8,1,2,1,1780.0520000000001
8,1,2,2,3519.5454999999997
8,1,2,4,6436.937500000001
8,1,2,8,7471.7660000000005
8,1,2,16,14569.835000000001
8,1,2,32,29603.255
8,1,2,64,57496.53999999999
8,1,2,128,115833.05
8,1,4,1,2954.3139999999994
8,1,4,2,5606.65
8,1,4,4,8862.98
8,1,4,8,9528.479999999998
8,1,4,16,18621.24
8,1,4,32,37540.66499999999
8,1,4,64,74650.11999999998
8,1,8,1,4043.6345
8,1,8,2,6379.004500000001
8,1,8,4,7153.959000000001
8,1,8,8,13915.929999999998
8,1,8,16,27638.29
8,1,8,32,55249.884999999995
8,1,8,64,109241.69999999998
8,1,16,1,4488.457
8,1,16,2,6634.160499999999
8,1,16,4,12685.779999999997
8,1,16,8,25251.785000000003
8,1,16,16,50098.69499999999
8,1,16,32,100591.565
8,1,16,64,198777.8
8,1,32,1,3827.3125
8,1,32,2,7647.314
8,1,32,4,15114.495
8,1,32,8,30155.195000000007
8,1,32,16,59888.27
8,1,32,32,119954.65000000002
8,2,1,1,2012.4560000000004
8,2,1,2,4035.787500000001
8,2,1,4,8063.5145
8,2,1,8,15811.515
8,2,1,16,30944.62
8,2,1,32,61780.97
8,2,1,64,123592.85
8,2,1,128,246342.35000000003
8,2,2,1,3405.0480000000002
8,2,2,2,6425.763000000002
8,2,2,4,7213.845000000001
8,2,2,8,6223.451000000001
8,2,2,16,12198.115000000002
8,2,2,32,25031.550000000003
8,2,2,64,48589.24
8,2,4,1,5211.6495
8,2,4,2,8311.074499999999
8,2,4,4,9070.007
8,2,4,8,17508.600000000002
8,2,4,16,34898.565
8,2,4,32,69034.875
8,2,4,64,139361.65
8,2,8,1,6105.223
8,2,8,2,7136.537
8,2,8,4,13697.910000000003
8,2,8,8,27025.015000000003
8,2,8,16,53287.63500000001
8,2,8,32,107411.65000000002
8,2,8,64,216487.65000000005
8,2,16,1,5999.8275
8,2,16,2,12141.105000000001
8,2,16,4,23547.694999999996
8,2,16,8,46822.52
8,2,16,16,92495.24499999998
8,2,16,32,185124.44999999998
8,4,1,1,3952.023
8,4,1,2,7915.909000000001
8,4,1,4,15759.1
8,4,1,8,27972.96
8,4,1,16,54279.235
8,4,1,32,109321.40000000002
8,4,1,64,217001.55
8,4,1,128,360614.89999999997
8,4,2,1,6275.195000000001
8,4,2,2,6276.461000000001
8,4,2,4,4924.889999999999
8,4,2,8,9973.607500000002
8,4,2,16,20224.829999999998
8,4,2,32,40080.625
8,4,4,1,7512.165500000002
8,4,4,2,6997.972000000002
8,4,4,4,13906.840000000004
8,4,4,8,27447.810000000005
8,4,4,16,55037.05500000001
8,4,4,32,111805.60000000002
8,4,8,1,6504.000499999998
8,4,8,2,13066.965
8,4,8,4,25315.634999999995
8,4,8,8,50084.48
8,4,8,16,100129.045
8,4,8,32,200503.50000000003
8,8,1,1,7193.539500000001
8,8,1,2,14244.495000000003
8,8,1,4,28206.365000000005
8,8,1,8,53984.414999999986
8,8,1,16,107187.00000000001
8,8,1,32,215529.5
8,8,1,64,358749.29999999993
8,8,1,128,536298.05
8,8,2,1,4550.9349999999995
8,8,2,2,3149.8779999999997
8,8,2,4,7910.9275
8,8,2,8,15808.979999999996
8,8,2,16,31730.735
8,8,4,1,6411.686000000001
8,8,4,2,12927.755
8,8,4,4,25364.720000000005
8,8,4,8,50743.049999999996
8,8,4,16,101533.70000000001
8,8,4,32,203439.25000000003
8,16,1,1,14325.185000000001
8,16,1,2,27382.81
8,16,1,4,54325.845000000016
8,16,1,8,108295.09999999999
8,16,1,16,216165.40000000005
8,16,1,32,360662.54999999993
8,16,1,64,539942.25
8,16,1,128,1081569.0
8,16,2,1,3028.3695
8,16,2,2,6009.813000000001
8,16,2,4,11803.695000000002
8,16,2,8,23609.925
8,32,1,1,26941.829999999994
8,32,1,2,53565.595
8,32,1,4,106026.3
8,32,1,8,212062.30000000002
8,32,1,16,352155.35000000003
8,32,1,32,529252.75
8,32,1,64,1065270.0
16,1,1,1,1047.1090000000002
16,1,1,2,2094.0074999999997
16,1,1,4,4180.999
16,1,1,8,8296.9665
16,1,1,16,16291.569999999998
16,1,1,32,29162.494999999995
16,1,1,64,57020.96000000001
16,1,1,128,113587.09999999998
16,1,2,1,1894.7944999999997
16,1,2,2,3739.406
16,1,2,4,6716.705
16,1,2,8,7407.189000000001
16,1,2,16,14297.03
16,1,2,32,29004.159999999996
16,1,2,64,57424.479999999996
16,1,4,1,3261.017
16,1,4,2,6131.535999999999
16,1,4,4,9770.2865
16,1,4,8,10595.185000000001
16,1,4,16,21066.004999999997
16,1,4,32,42296.905
16,1,4,64,84793.9
16,1,8,1,6424.3020000000015
16,1,8,2,11577.64
16,1,8,4,16696.91
16,1,8,8,32013.484999999993
16,1,8,16,62156.055
16,1,8,32,124201.34999999999
16,1,8,64,250198.9
16,1,8,128,503917.05
16,1,16,1,8748.841999999999
16,1,16,2,12870.23
16,1,16,4,24362.44
16,1,16,8,48093.145000000004
16,1,16,16,93630.685
16,1,16,32,187817.7
16,1,16,64,376399.50000000006
16,1,32,1,8660.295000000002
16,1,32,2,17540.909999999996
16,1,32,4,33661.630000000005
16,1,32,8,66936.495
16,1,32,16,132375.30000000002
16,1,32,32,264314.80000000005
16,1,32,64,527915.1000000001
16,2,1,1,2075.6235
16,2,1,2,4144.5545
16,2,1,4,8247.385
16,2,1,8,16139.644999999999
16,2,1,16,32195.625
16,2,1,32,64341.354999999996
16,2,1,64,128782.40000000002
16,2,1,128,214246.69999999998
16,2,2,1,3557.0335
16,2,2,2,6674.422
16,2,2,4,7208.357999999999
16,2,2,8,5972.541499999998
16,2,2,16,11783.95
16,2,2,32,24113.485
16,2,4,1,5713.097
16,2,4,2,8825.889000000001
16,2,4,4,9345.975499999999
16,2,4,8,18379.41
16,2,4,16,36914.93
16,2,4,32,74107.64499999999
16,2,4,64,144803.25
16,2,8,1,11720.265000000001
16,2,8,2,18016.79
16,2,8,4,32970.59999999999
16,2,8,8,65027.49500000001
16,2,8,16,127765.2
16,2,8,32,261155.4
16,2,8,64,525119.2500000001
16,2,16,1,11831.025
16,2,16,2,23858.054999999997
16,2,16,4,45816.71000000001
16,2,16,8,90627.495
16,2,16,16,181461.94999999998
16,2,16,32,362421.6
16,2,16,64,722600.2999999998
16,4,1,1,4080.2645
16,4,1,2,8124.465999999999
16,4,1,4,16079.67
16,4,1,8,28923.33
16,4,1,16,56777.91
16,4,1,32,113482.35
16,4,1,64,188946.79999999996
16,4,1,128,282737.15
16,4,2,1,6434.198000000001
16,4,2,2,6058.796500000001
16,4,2,4,5048.061
16,4,2,8,9704.8135
16,4,2,16,19802.190000000002
16,4,4,1,7786.267
16,4,4,2,6914.828500000001
16,4,4,4,13859.174999999996
16,4,4,8,27301.605
16,4,4,16,55602.13
16,4,4,32,109669.59999999999
16,4,8,1,17750.975
16,4,8,2,34622.15000000001
16,4,8,4,66221.01000000001
16,4,8,8,132433.9
16,4,8,16,265631.0
16,4,8,32,533081.4
16,4,8,64,890014.7
16,8,1,1,7323.410499999999
16,8,1,2,14468.439999999999
16,8,1,4,28616.385
16,8,1,8,56062.365000000005
16,8,1,16,112003.70000000001
16,8,1,32,186767.95
16,8,1,64,279569.45
16,8,1,128,560843.9499999998
16,8,2,1,4421.679
16,8,2,2,3188.9804999999997
16,8,2,4,7848.040000000001
16,8,2,8,15979.464999999998
16,8,4,1,6431.5035
16,8,4,2,12842.244999999999
16,8,4,4,25556.71
16,8,4,8,51147.79999999999
16,8,4,16,102421.50000000003
16,16,1,1,14528.859999999999
16,16,1,2,28122.165
16,16,1,4,55788.015
16,16,1,8,111651.55000000003
16,16,1,16,186632.8
16,16,1,32,279473.95000000007
16,16,1,64,558590.3
16,16,2,1,2878.421
16,16,2,2,5777.967000000001
16,16,2,4,11434.145
16,32,1,1,28279.71
16,32,1,2,55753.99499999999
16,32,1,4,110035.64999999998
16,32,1,8,184240.69999999998
16,32,1,16,277429.35000000003
16,32,1,32,555031.9
32,1,1,1,1057.6064999999999
32,1,1,2,2111.4105
32,1,1,4,4201.928
32,1,1,8,8292.080000000002
32,1,1,16,16538.555
32,1,1,32,29540.230000000003
32,1,1,64,59503.71000000001
32,1,1,128,98321.22500000003
32,1,2,1,1956.7110000000002
32,1,2,2,3852.884
32,1,2,4,6738.5365
32,1,2,8,7054.801999999999
32,1,2,16,13653.189999999997
32,1,2,32,27630.115
32,1,4,1,3429.2320000000004
32,1,4,2,6387.1785
32,1,4,4,10011.0385
32,1,4,8,10731.960000000001
32,1,4,16,21904.025000000005
32,1,4,32,44820.125
32,1,4,64,88370.855
32,1,8,1,7048.0315
32,1,8,2,12706.605000000001
32,1,8,4,17912.605
32,1,8,8,34576.14000000001
32,1,8,16,68339.16
32,1,8,32,136409.0
32,1,8,64,275755.65
32,1,16,1,11422.705000000002
32,1,16,2,16783.515
32,1,16,4,31134.960000000003
32,1,16,8,61050.604999999996
32,1,16,16,121692.15000000001
32,1,16,32,245817.59999999998
32,1,16,64,490586.30000000005
32,1,32,1,10920.425
32,1,32,2,21930.52999999999
32,1,32,4,42281.28999999999
32,1,32,8,83453.42499999999
32,1,32,16,166873.05
32,1,32,32,333295.45
32,2,1,1,2102.2115
32,2,1,2,4181.352000000001
32,2,1,4,8270.653
32,2,1,8,16449.864999999998
32,2,1,16,32820.25
32,2,1,32,65694.03999999998
32,2,1,64,109308.19999999998
32,2,1,128,164583.35000000003
32,2,2,1,3667.8045
32,2,2,2,6825.5655
32,2,2,4,7069.673000000001
32,2,2,8,5555.005
32,2,2,16,11130.275000000003
32,2,4,1,5904.448999999999
32,2,4,2,8929.066
32,2,4,4,9228.206999999999
32,2,4,8,18189.789999999997
32,2,4,16,36004.170000000006
32,2,4,32,73116.695
32,2,8,1,13037.285000000002
32,2,8,2,19618.105000000007
32,2,8,4,35575.76
32,2,8,8,71249.58499999999
32,2,8,16,142087.65
32,2,8,32,287906.95
32,2,8,64,479337.1
32,2,16,1,16826.554999999997
32,2,16,2,33310.785
32,2,16,4,63478.575
32,2,16,8,127223.45000000003
32,2,16,16,254939.35
32,2,16,32,510585.74999999994
32,4,1,1,4125.9065
32,4,1,2,8158.712999999998
32,4,1,4,16322.660000000002
32,4,1,8,29630.28
32,4,1,16,58510.685000000005
32,4,1,32,96928.19999999998
32,4,1,64,146211.0
32,4,1,128,291748.4
32,4,2,1,6323.119999999999
32,4,2,2,5888.1539999999995
32,4,2,4,4993.255
32,4,2,8,10059.0835
32,4,4,1,7826.410499999999
32,4,4,2,6921.650499999998
32,4,4,4,14515.75
32,4,4,8,28046.815
32,4,4,16,58467.0
32,4,8,1,20659.595
32,4,8,2,40595.00000000001
32,4,8,4,79669.03000000001
32,4,8,8,159440.44999999998
32,4,8,16,319873.6500000001
32,4,8,32,534697.9
32,4,8,64,801944.9500000001
32,8,1,1,7321.3735
32,8,1,2,14660.41
32,8,1,4,29188.690000000002
32,8,1,8,57278.51000000001
32,8,1,16,95576.26000000001
32,8,1,32,143180.30000000002
32,8,1,64,285716.75000000006
32,8,2,1,4279.496
32,8,2,2,3744.32
32,8,2,4,7982.925500000001
32,8,4,1,6364.047999999998
32,8,4,2,12811.125
32,8,4,4,25578.985
32,8,4,8,51242.38500000001
32,16,1,1,14716.199999999999
32,16,1,2,28508.11
32,16,1,4,56551.24
32,16,1,8,94623.085
32,16,1,16,141992.59999999998
32,16,1,32,284219.6
32,16,2,1,2808.1295000000005
32,16,2,2,5664.934500000001
32,32,1,1,27985.44
32,32,1,2,55061.68
32,32,1,4,91011.66500000001
32,32,1,8,135972.6
32,32,1,16,272710.14999999997
64,1,1,1,1060.5735
64,1,1,2,2110.043
64,1,1,4,4171.6275000000005
64,1,1,8,8340.2835
64,1,1,16,16664.250000000004
64,1,1,32,29797.679999999993
64,1,1,64,50078.03999999999
64,1,1,128,74956.82999999999
64,1,2,1,1980.5945000000002
64,1,2,2,3880.9379999999996
64,1,2,4,6665.080999999998
64,1,2,8,6658.429999999999
64,1,2,16,13123.845
64,1,4,1,3554.0015
64,1,4,2,6499.8045
64,1,4,4,10057.0635
64,1,4,8,10350.111499999999
64,1,4,16,20759.559999999998
64,1,4,32,43162.3
64,1,8,1,7403.2805
64,1,8,2,13174.720000000001
64,1,8,4,18069.424999999996
64,1,8,8,35909.704999999994
64,1,8,16,71509.255
64,1,8,32,143660.85
64,1,8,64,237558.64999999997
64,1,16,1,12881.925000000001
64,1,16,2,18749.095
64,1,16,4,33939.909999999996
64,1,16,8,68825.93999999999
64,1,16,16,137229.25
64,1,16,32,277133.0
64,1,32,1,15502.119999999999
64,1,32,2,30600.815000000002
64,1,32,4,58587.18000000001
64,1,32,8,117466.04999999997
64,1,32,16,235449.4
64,1,32,32,470526.45
64,2,1,1,2105.3830000000003
64,2,1,2,4161.789500000001
64,2,1,4,8338.3675
64,2,1,8,16601.66
64,2,1,16,33178.840000000004
64,2,1,32,55254.47
64,2,1,64,83118.13500000001
64,2,1,128,166118.65
64,2,2,1,3726.8679999999995
64,2,2,2,6794.406500000001
64,2,2,4,6981.127500000001
64,2,2,8,4863.5645
64,2,4,1,6063.262000000001
64,2,4,2,9062.065499999999
64,2,4,4,9284.382000000001
64,2,4,8,18436.494999999995
64,2,4,16,38125.784999999996
64,2,8,1,13518.355
64,2,8,2,19810.455
64,2,8,4,37225.66000000001
64,2,8,8,73586.105
64,2,8,16,146486.45
64,2,8,32,251191.30000000005
64,2,8,64,378981.3
64,2,16,1,19435.585000000003
64,2,16,2,38559.36499999999
64,2,16,4,74650.965
64,2,16,8,149646.39999999997
64,2,16,16,301384.25
64,2,16,32,502214.60000000003
64,4,1,1,4118.0235
64,4,1,2,8241.0055
64,4,1,4,16490.175000000003
64,4,1,8,29831.070000000003
64,4,1,16,49619.10499999998
64,4,1,32,73894.42499999999
64,4,1,64,148158.45
64,4,2,1,6196.9545
64,4,2,2,5910.585000000001
64,4,2,4,4471.308000000001
64,4,4,1,7740.335000000001
64,4,4,2,7444.533
64,4,4,4,15325.789999999999
64,4,4,8,28899.84
64,4,8,1,21764.355000000003
64,4,8,2,43334.34
64,4,8,4,85028.385
64,4,8,8,171190.84999999998
64,4,8,16,285968.9
64,4,8,32,428209.3999999999
64,8,1,1,7390.183499999998
64,8,1,2,14770.225
64,8,1,4,29662.375000000004
64,8,1,8,48595.94
64,8,1,16,72535.81
64,8,1,32,145691.50000000003
64,8,2,1,4229.331
64,8,2,2,3546.052
64,8,4,1,6187.392499999998
64,8,4,2,12528.035
64,8,4,4,25122.605000000003
64,16,1,1,14967.054999999997
64,16,1,2,28764.060000000005
64,16,1,4,47703.034999999996
64,16,1,8,71928.38499999998
64,16,1,16,143883.65000000002
64,16,2,1,2769.2625
64,32,1,1,28161.005
64,32,1,2,46302.630000000005
64,32,1,4,69882.04
64,32,1,8,140578.8
128,1,1,1,1057.594
128,1,1,2,2089.7954999999997
128,1,1,4,4184.586
128,1,1,8,8376.273
128,1,1,16,16723.559999999998
128,1,1,32,25420.705
128,1,1,64,38031.285
128,1,1,128,76775.425
128,1,2,1,1980.6475
128,1,2,2,3859.044
128,1,2,4,6629.374000000001
128,1,2,8,5962.216
128,1,4,1,3589.2755
128,1,4,2,6546.3375
128,1,4,4,10129.5955
128,1,4,8,9930.520500000002
128,1,4,16,20545.07
128,1,8,1,7500.301
128,1,8,2,13477.494999999999
128,1,8,4,18241.31
128,1,8,8,37102.384999999995
128,1,8,16,74214.37
128,1,8,32,123521.54999999999
128,1,8,64,184144.5
128,1,16,1,13520.04
128,1,16,2,19549.910000000003
128,1,16,4,36439.005000000005
128,1,16,8,72116.65000000001
128,1,16,16,144385.19999999998
128,1,16,32,242632.44999999998
128,1,32,1,18632.8
128,1,32,2,36413.71
128,1,32,4,70948.975
128,1,32,8,142357.00000000003
128,1,32,16,285444.5
128,1,32,32,476981.74999999994
128,2,1,1,2088.3585
128,2,1,2,4175.624000000001
128,2,1,4,8361.1065
128,2,1,8,16696.049999999996
128,2,1,16,27766.375
128,2,1,32,41700.47
128,2,1,64,83446.425
128,2,2,1,3723.2994999999996
128,2,2,2,6755.767500000001
128,2,2,4,6970.721
128,2,4,1,6089.972999999999
128,2,4,2,9208.474999999999
128,2,4,4,8993.0245
128,2,4,8,17856.8
128,2,8,1,13570.755000000001
128,2,8,2,20708.665
128,2,8,4,37416.195
128,2,8,8,74931.395
128,2,8,16,127186.95
128,2,8,32,187598.15
128,2,16,1,21331.04
128,2,16,2,42767.925
128,2,16,4,83431.18500000001
128,2,16,8,166766.84999999998
128,2,16,16,279298.6
128,2,16,32,419604.75
128,4,1,1,4143.674499999999
128,4,1,2,8284.8765
128,4,1,4,16577.835000000003
128,4,1,8,24938.119999999995
128,4,1,16,37260.415
128,4,1,32,74414.44499999999
128,4,2,1,6170.4295
128,4,2,2,6049.414500000001
128,4,4,1,7731.220000000001
128,4,4,2,7248.950500000001
128,4,4,4,14627.91
128,4,8,1,22291.690000000002
128,4,8,2,44502.365000000005
128,4,8,4,87287.39
128,4,8,8,146477.8
128,4,8,16,220077.05
128,8,1,1,7438.427999999999
128,8,1,2,14857.244999999999
128,8,1,4,24536.83
128,8,1,8,36710.68
128,8,1,16,73239.21999999999
128,8,2,1,4150.4884999999995
128,8,4,1,6145.8555
128,8,4,2,12409.130000000001
128,16,1,1,15050.989999999998
128,16,1,2,24079.21
128,16,1,4,36270.56999999999
128,16,1,8,72481.025
128,32,1,1,23948.525
128,32,1,2,35030.994999999995
128,32,1,4,71097.57500000001
256,1,1,1,1045.9185
256,1,1,2,2093.1845
256,1,1,4,4188.6535
256,1,1,8,8382.4195
256,1,1,16,13988.650000000001
256,1,1,32,19176.39
256,1,1,64,38170.055
256,1,2,1,1963.6099999999997
256,1,2,2,3876.3379999999997
256,1,2,4,6696.750000000001
256,1,4,1,3569.9755
256,1,4,2,6530.6624999999985
256,1,4,4,10096.421999999999
256,1,4,8,9897.865
256,1,8,1,7474.3785000000025
256,1,8,2,13693.23
256,1,8,4,19163.67
256,1,8,8,36732.575
256,1,8,16,61688.375
256,1,8,32,93743.79000000001
256,1,16,1,13690.729999999998
256,1,16,2,19942.704999999998
256,1,16,4,38297.39999999999
256,1,16,8,75600.41500000001
256,1,16,16,127148.59999999999
256,1,16,32,187686.19999999998
256,1,32,1,20438.839999999997
256,1,32,2,40435.954999999994
256,1,32,4,79118.945
256,1,32,8,158554.7
256,1,32,16,264507.75
256,2,1,1,2091.2085
256,2,1,2,4183.344
256,2,1,4,8382.071000000002
256,2,1,8,13920.89
256,2,1,16,20936.995000000003
256,2,1,32,41869.86
256,2,2,1,3757.531
256,2,2,2,6737.529
256,2,4,1,6168.073000000001
256,2,4,2,9016.5275
256,2,4,4,9275.839500000002
256,2,8,1,13667.84
256,2,8,2,21126.980000000003
256,2,8,4,38176.32000000001
256,2,8,8,63479.39000000001
256,2,8,16,95038.19000000002
256,2,16,1,22447.56
256,2,16,2,45159.39499999999
256,2,16,4,88089.25999999998
256,2,16,8,147809.89999999997
256,2,16,16,222711.95
256,4,1,1,4153.8495
256,4,1,2,8315.188999999998
256,4,1,4,13875.385000000002
256,4,1,8,18793.670000000002
256,4,1,16,37749.305
256,4,2,1,6163.973
256,4,4,1,7684.5545
256,4,4,2,7104.406499999999
256,4,8,1,22075.989999999998
256,4,8,2,44208.564999999995
256,4,8,4,73155.10999999999
256,4,8,8,109755.69999999998
256,8,1,1,7458.935499999999
256,8,1,2,12450.955000000002
256,8,1,4,18468.715
256,8,1,8,37132.134999999995
256,8,4,1,6118.526499999997
256,16,1,1,12438.470000000001
256,16,1,2,17984.184999999998
256,16,1,4,36384.21499999999
512,1,1,1,1046.7724999999998
512,1,1,2,2095.345
512,1,1,4,4190.9335
512,1,1,8,6991.3369999999995
512,1,1,16,10509.849999999999
512,1,1,32,19172.754999999997
512,1,2,1,1967.747
512,1,2,2,3879.4134999999997
512,1,4,1,3582.6084999999994
512,1,4,2,6515.818499999999
512,1,4,4,9848.729500000001
512,1,8,1,7523.9135
512,1,8,2,13806.120000000003
512,1,8,4,19264.795
512,1,8,8,31177.335000000003
512,1,8,16,46585.89
512,1,16,1,13839.374999999998
512,1,16,2,19510.255
512,1,16,4,35970.185
512,1,16,8,60996.28999999999
512,1,16,16,92510.84499999999
512,1,32,1,21798.27
512,1,32,2,43299.27000000001
512,1,32,4,84706.12499999999
512,1,32,8,141389.84999999998
512,1,32,16,212192.34999999998
512,2,1,1,2092.6394999999998
512,2,1,2,4190.758499999999
512,2,1,4,6989.608999999999
512,2,1,8,10493.175000000003
512,2,1,16,20989.905
512,2,2,1,3778.789
512,2,4,1,6217.536500000001
512,2,4,2,8937.378
512,2,8,1,13716.665
512,2,8,2,20603.180000000004
512,2,8,4,32019.894999999997
512,2,8,8,48294.33
512,2,16,1,22542.34
512,2,16,2,45077.845000000016
512,2,16,4,73820.21999999999
512,2,16,8,110648.30000000002
512,4,1,1,4156.7455
512,4,1,2,6952.901500000002
512,4,1,4,10443.944999999998
512,4,1,8,18899.235
512,4,4,1,7633.407500000001
512,4,8,1,22354.93
512,4,8,2,37060.47
512,4,8,4,55669.4
512,8,1,1,6242.58
512,8,1,2,9379.288
512,8,1,4,18698.26
1024,1,1,1,1047.1574999999998
1024,1,1,2,2095.5955000000004
1024,1,1,4,3498.3129999999996
1024,1,1,8,5248.154
1024,1,1,16,10523.519999999999
1024,1,2,1,1971.1525
1024,1,4,1,3582.8514999999998
1024,1,4,2,6558.4105
1024,1,8,1,7544.101500000001
1024,1,8,2,13914.304999999998
1024,1,8,4,16434.74
1024,1,8,8,23874.254999999997
1024,1,16,1,13923.224999999999
1024,1,16,2,19715.96
1024,1,16,4,29753.725
1024,1,16,8,46194.895
1024,1,32,1,22412.829999999994
1024,1,32,2,44093.880000000005
1024,1,32,4,72335.89499999999
1024,1,32,8,108263.84999999998
1024,2,1,1,2094.0865
1024,2,1,2,3492.3355
1024,2,1,4,5242.907
1024,2,1,8,10500.974999999999
1024,2,4,1,6250.83
1024,2,8,1,13602.315
1024,2,8,2,16803.300000000003
1024,2,8,4,24406.814999999995
1024,2,16,1,22808.975000000002
1024,2,16,2,37932.625
1024,2,16,4,56383.92499999999
1024,4,1,1,3463.7579999999994
1024,4,1,2,5212.091000000001
1024,4,1,4,10422.470000000001
1024,4,8,1,18768.684999999998
1024,4,8,2,28109.309999999998
