1,1,1,1,13600477.272727273
1,1,1,2,6588238.181818183
1,1,1,4,3284181.818181818
1,1,1,8,1700621.3636363638
1,1,1,16,928460.2727272726
1,1,1,32,641309.4545454546
1,1,1,64,687661.2727272728
1,1,1,128,773365.4545454546
1,1,2,1,11084513.636363637
1,1,2,2,5423478.181818182
1,1,2,4,2890006.818181818
1,1,2,8,1895435.909090909
1,1,2,16,1846735.0000000002
1,1,2,32,1832795.4545454541
1,1,2,64,1842001.8181818184
1,1,2,128,1978620.0
1,1,4,1,9523106.818181818
1,1,4,2,4855239.090909092
1,1,4,4,3123345.454545455
1,1,4,8,2733399.5454545454
1,1,4,16,2724482.7272727266
1,1,4,32,2744776.3636363638
1,1,4,64,2735549.0909090904
1,1,4,128,2686395.454545454
1,1,8,1,10230818.18181818
1,1,8,2,6041144.545454545
1,1,8,4,4145321.818181818
1,1,8,8,4077439.090909091
1,1,8,16,4041020.9090909096
1,1,8,32,4025025.0
1,1,8,64,4016009.9999999995
1,1,8,128,4023800.0000000005
1,1,16,1,10880460.0
1,1,16,2,6375905.0
1,1,16,4,6092164.5
1,1,16,8,6154302.0
1,1,16,16,6159610.5
1,1,16,32,6110237.0
1,1,16,64,6049662.0
1,1,32,1,11052840.0
1,1,32,2,6287832.5
1,1,32,4,6013212.0
1,1,32,8,6038330.5
1,1,32,16,6014332.5
1,1,32,32,6026589.5
1,1,32,64,5981857.0
1,2,1,1,7830942.272727274
1,2,1,2,3760538.636363636
1,2,1,4,1870471.818181818
1,2,1,8,1015901.3636363636
1,2,1,16,1013146.5
1,2,1,32,1021533.6363636364
1,2,1,64,1037596.8181818184
1,2,1,128,1160341.8181818184
1,2,2,1,5894811.818181818
1,2,2,2,3045075.454545454
1,2,2,4,1898431.3636363638
1,2,2,8,1780827.7272727275
1,2,2,16,1731303.1818181816
1,2,2,32,1700444.5454545452
1,2,2,64,1671030.0
1,2,2,128,1635541.3636363635
1,2,4,1,5933184.545454544
1,2,4,2,3229228.181818182
1,2,4,4,2429813.6363636362
1,2,4,8,2442004.0909090913
1,2,4,16,2440874.5454545454
1,2,4,32,2429659.0909090904
1,2,4,64,2425418.6363636367
1,2,4,128,2436941.3636363633
1,2,8,1,6716465.454545455
1,2,8,2,4008557.272727274
1,2,8,4,4068885.90909091
1,2,8,8,4078766.818181818
1,2,8,16,4095178.6363636362
1,2,8,32,4093562.2727272734
1,2,8,64,4106449.9999999995
1,2,8,128,4059150.0
1,2,16,1,8029294.5
1,2,16,2,7646520.0
1,2,16,4,7692836.0
1,2,16,8,7714528.0
1,2,16,16,7783071.5
1,2,16,32,7806334.0
1,2,16,64,7919057.5
1,4,1,1,4456889.090909091
1,4,1,2,2211769.545454545
1,4,1,4,1110477.7272727273
1,4,1,8,625253.2272727274
1,4,1,16,645064.3181818182
1,4,1,32,656879.4090909092
1,4,1,64,677947.6363636365
1,4,1,128,779768.5454545454
1,4,2,1,3431674.5454545445
1,4,2,2,2062435.4545454548
1,4,2,4,1953739.545454545
1,4,2,8,2004063.1818181819
1,4,2,16,1954525.9090909094
1,4,2,32,1898479.090909091
1,4,2,64,1846993.6363636367
1,4,2,128,1776013.181818182
1,4,4,1,3966825.909090909
1,4,4,2,2308877.7272727275
1,4,4,4,2503127.727272728
1,4,4,8,2486562.727272727
1,4,4,16,2489407.272727273
1,4,4,32,2467450.476190476
1,4,4,64,2472929.523809524
1,4,4,128,2560950.9523809524
1,4,8,1,5140808.095238095
1,4,8,2,4863773.80952381
1,4,8,4,5058959.523809524
1,4,8,8,5054163.333333333
1,4,8,16,5057189.523809523
1,4,8,32,5071922.3809523815
1,4,8,64,5137591.904761905
1,8,1,1,2294641.904761905
1,8,1,2,1140645.7142857143
1,8,1,4,636401.6666666666
1,8,1,8,622981.5238095239
1,8,1,16,643725.6190476192
1,8,1,32,660912.6190476189
1,8,1,64,700294.8095238096
1,8,1,128,769989.7142857142
1,8,2,1,2490525.714285714
1,8,2,2,2672410.9523809524
1,8,2,4,2319451.904761905
1,8,2,8,2450344.761904761
1,8,2,16,2355073.8095238097
1,8,2,32,2395488.5714285714
1,8,2,64,2407316.666666666
1,8,4,1,3061206.1904761903
1,8,4,2,3017325.2380952383
1,8,4,4,3130305.238095238
1,8,4,8,3150156.6666666674
1,8,4,16,3171406.1904761908
1,8,4,32,3155500.4761904767
1,8,4,64,3221950.9523809524
1,16,1,1,1295842.0
1,16,1,2,754085.8
1,16,1,4,653959.6
1,16,1,8,696346.1499999999
1,16,1,16,712168.0499999999
1,16,1,32,723987.5
1,16,1,64,743621.8
1,16,1,128,784733.0000000001
1,16,2,1,3123846.5
1,16,2,2,3117984.0
1,16,2,4,3172947.5
1,16,2,8,3195154.5
1,16,2,16,3239690.5
1,16,2,32,3245273.5
1,32,1,1,1099147.0
1,32,1,2,825541.6
1,32,1,4,854920.65
1,32,1,8,878722.7000000001
1,32,1,16,883511.7999999999
1,32,1,32,902979.9
1,32,1,64,921355.9000000001
1,32,1,128,1175405.5
2,1,1,1,11644495.238095237
2,1,1,2,5802572.3809523815
2,1,1,4,2855411.4285714286
2,1,1,8,1447895.238095238
2,1,1,16,819036.0476190477
2,1,1,32,1202546.5238095238
2,1,1,64,1334831.9047619046
2,1,1,128,1304065.5714285714
2,1,2,1,8100030.0
2,1,2,2,4077597.619047619
2,1,2,4,2180430.4761904757
2,1,2,8,1557281.9047619049
2,1,2,16,1563496.6666666667
2,1,2,32,1715893.3333333333
2,1,2,64,2035307.1428571432
2,1,2,128,1907571.4285714289
2,1,4,1,6040760.000000001
2,1,4,2,3230507.142857143
2,1,4,4,2114064.0
2,1,4,8,1999788.5
2,1,4,16,2014015.5
2,1,4,32,2193510.5
2,1,4,64,2420276.5
2,1,4,128,2152462.0
2,1,8,1,6004633.5
2,1,8,2,3765847.5
2,1,8,4,2723426.5
2,1,8,8,2760926.5
2,1,8,16,2710658.0
2,1,8,32,2744413.5
2,1,8,64,2860402.0
2,1,8,128,2760619.0
2,1,16,1,6451766.0
2,1,16,2,3754443.0
2,1,16,4,3654736.0
2,1,16,8,3650893.0
2,1,16,16,3683669.0
2,1,16,32,3726865.5
2,1,16,64,3751523.0
2,1,32,1,6601544.0
2,1,32,2,3743667.0
2,1,32,4,3610723.0
2,1,32,8,3613279.0
2,1,32,16,3626258.5
2,1,32,32,3647690.5
2,1,32,64,3663513.5
2,2,1,1,6224877.0
2,2,1,2,3075276.5
2,2,1,4,1520929.0
2,2,1,8,837062.0000000001
2,2,1,16,1216429.8
2,2,1,32,1736560.95
2,2,1,64,1799624.55
2,2,1,128,1694978.1
2,2,2,1,4141897.0
2,2,2,2,2186860.5
2,2,2,4,1547771.0
2,2,2,8,1758086.0
2,2,2,16,1925999.5
2,2,2,32,2344869.5
2,2,2,64,2163080.0
2,2,2,128,2001971.5
2,2,4,1,3597708.0
2,2,4,2,2069748.5
2,2,4,4,1711399.5
2,2,4,8,1739218.5
2,2,4,16,1827013.0
2,2,4,32,2275282.5
2,2,4,64,2171310.5
2,2,4,128,2109149.0
2,2,8,1,3876108.0
2,2,8,2,2606083.5
2,2,8,4,2625095.0
2,2,8,8,2639969.5
2,2,8,16,2673639.0
2,2,8,32,2794628.5
2,2,8,64,2750916.0
2,2,16,1,4616179.0
2,2,16,2,4336626.5
2,2,16,4,4396383.0
2,2,16,8,4424656.0
2,2,16,16,4466257.0
2,2,16,32,4516144.0
2,2,16,64,4607898.5
2,4,1,1,3233496.0
2,4,1,2,1614115.0
2,4,1,4,817295.25
2,4,1,8,504817.5
2,4,1,16,1151270.45
2,4,1,32,1786387.0
2,4,1,64,1828735.45
2,4,1,128,1767413.9
2,4,2,1,2286655.0
2,4,2,2,1737775.0
2,4,2,4,2061879.0
2,4,2,8,2289434.0
2,4,2,16,2233324.5
2,4,2,32,2393402.5
2,4,2,64,2374493.0
2,4,2,128,2327582.0
2,4,4,1,2329263.0
2,4,4,2,1675467.5
2,4,4,4,1785687.0
2,4,4,8,1769810.5
2,4,4,16,1888169.5
2,4,4,32,2378840.5
2,4,4,64,2272045.5
2,4,8,1,3036776.5
2,4,8,2,3003820.5
2,4,8,4,3056807.0
2,4,8,8,3084467.5
2,4,8,16,3153384.0
2,4,8,32,3201370.0
2,4,8,64,3314494.5
2,8,1,1,1729028.0
2,8,1,2,866296.75
2,8,1,4,452881.99999999994
2,8,1,8,503266.35000000003
2,8,1,16,1340632.05
2,8,1,32,1849923.65
2,8,1,64,1792647.85
2,8,1,128,1723678.45
2,8,2,1,2262422.0
2,8,2,2,2875807.5
2,8,2,4,2794246.5
2,8,2,8,2594183.5
2,8,2,16,2691623.5
2,8,2,32,2788050.0
2,8,2,64,2900265.0
2,8,4,1,2083445.5
2,8,4,2,2044451.0
2,8,4,4,2108675.0
2,8,4,8,2122551.5
2,8,4,16,2210858.0
2,8,4,32,2387566.5
2,8,4,64,2387541.5
2,16,1,1,1279117.0
2,16,1,2,633619.55
2,16,1,4,486643.69999999995
2,16,1,8,529816.8999999999
2,16,1,16,1579413.5
2,16,1,32,1864716.95
2,16,1,64,1811639.95
2,16,1,128,2135261.75
2,16,2,1,3028322.0
2,16,2,2,3037938.5
2,16,2,4,3105362.0
2,16,2,8,3146418.5
2,16,2,16,3172802.0
2,16,2,32,3277335.0
2,32,1,1,1228632.0
2,32,1,2,629658.95
2,32,1,4,588912.7999999999
2,32,1,8,619066.9
2,32,1,16,1557987.0
2,32,1,32,1854656.85
2,32,1,64,2218432.0
2,32,1,128,2974895.5
4,1,1,1,10528770.0
4,1,1,2,5272709.0
4,1,1,4,2620725.5
4,1,1,8,1371628.0
4,1,1,16,849154.6000000001
4,1,1,32,1008171.3999999999
4,1,1,64,1404457.1
4,1,1,128,1302732.85
4,1,2,1,6637187.0
4,1,2,2,3369941.0
4,1,2,4,1830491.5
4,1,2,8,1521042.0
4,1,2,16,1489061.5
4,1,2,32,1533190.5
4,1,2,64,1669608.5
4,1,2,128,1595993.0
4,1,4,1,4520204.0
4,1,4,2,2424702.5
4,1,4,4,1575381.5
4,1,4,8,1491263.5
4,1,4,16,1459745.5
4,1,4,32,1534642.0
4,1,4,64,1717163.5
4,1,4,128,1632667.0
4,1,8,1,4131976.0
4,1,8,2,2685767.5
4,1,8,4,2095326.5
4,1,8,8,2088915.5
4,1,8,16,2100657.5
4,1,8,32,2116199.0
4,1,8,64,2142690.5
4,1,16,1,4549733.0
4,1,16,2,2895550.5
4,1,16,4,2809608.0
4,1,16,8,2818158.5
4,1,16,16,2848492.0
4,1,16,32,2873080.0
4,1,16,64,2913678.5
4,1,32,1,4590248.5
4,1,32,2,2826556.0
4,1,32,4,2752694.0
4,1,32,8,2758038.5
4,1,32,16,2785984.0
4,1,32,32,2816443.5
4,1,32,64,2866348.5
4,2,1,1,5470357.5
4,2,1,2,2722489.5
4,2,1,4,1361328.0
4,2,1,8,735531.2000000001
4,2,1,16,948425.75
4,2,1,32,1201972.9
4,2,1,64,1296873.55
4,2,1,128,1195067.4
4,2,2,1,3448549.5
4,2,2,2,1817689.5
4,2,2,4,1482796.0
4,2,2,8,1646536.0
4,2,2,16,1740959.5
4,2,2,32,1759255.0
4,2,2,64,1804511.5
4,2,2,128,1905892.0
4,2,4,1,2612626.0
4,2,4,2,1550299.5
4,2,4,4,1331182.0
4,2,4,8,1332970.0
4,2,4,16,1363539.0
4,2,4,32,1515192.5
4,2,4,64,1560099.5
4,2,8,1,2665096.5
4,2,8,2,2086135.5
4,2,8,4,2050627.5
4,2,8,8,2053488.0
4,2,8,16,2091071.5
4,2,8,32,2133959.5
4,2,8,64,2203001.5
4,2,16,1,3300422.0
4,2,16,2,3196484.5
4,2,16,4,3279365.0
4,2,16,8,3306074.0
4,2,16,16,3349603.0
4,2,16,32,3394323.5
4,2,16,64,3486629.5
4,4,1,1,2786361.0
4,4,1,2,1387164.5
4,4,1,4,702130.2499999999
4,4,1,8,431789.39999999997
4,4,1,16,659416.3
4,4,1,32,991713.3
4,4,1,64,965547.35
4,4,1,128,965702.6
4,4,2,1,1863156.0
4,4,2,2,1605111.5
4,4,2,4,2084365.0
4,4,2,8,2106529.5
4,4,2,16,2055093.5
4,4,2,32,2121084.0
4,4,2,64,2217920.0
4,4,4,1,1708138.0
4,4,4,2,1550374.0
4,4,4,4,1526407.5
4,4,4,8,1535908.0
4,4,4,16,1565566.0
4,4,4,32,1601474.0
4,4,4,64,1618603.5
4,4,8,1,2183828.5
4,4,8,2,2150424.5
4,4,8,4,2170331.5
4,4,8,8,2190937.0
4,4,8,16,2245024.5
4,4,8,32,2282090.0
4,4,8,64,2363476.0
4,8,1,1,1531685.0
4,8,1,2,770117.95
4,8,1,4,402716.55
4,8,1,8,428586.05
4,8,1,16,699130.5
4,8,1,32,955300.2
4,8,1,64,980092.2
4,8,1,128,1233159.65
4,8,2,1,2230662.0
4,8,2,2,3089616.5
4,8,2,4,2915803.5
4,8,2,8,2799497.0
4,8,2,16,2752529.5
4,8,2,32,2884891.5
4,8,4,1,1718732.0
4,8,4,2,1700524.0
4,8,4,4,1738771.0
4,8,4,8,1761678.5
4,8,4,16,1778049.0
4,8,4,32,1851063.0
4,16,1,1,1171935.0
4,16,1,2,583497.1499999999
4,16,1,4,423289.5
4,16,1,8,430680.54999999993
4,16,1,16,742700.25
4,16,1,32,976215.8500000001
4,16,1,64,1189241.2000000002
4,16,1,128,1674609.8
4,16,2,1,3171607.0
4,16,2,2,3179484.5
4,16,2,4,3307305.0
4,16,2,8,3308858.0
4,16,2,16,3346194.5
4,32,1,1,1168619.5
4,32,1,2,620001.1000000001
4,32,1,4,480856.6
4,32,1,8,513048.65
4,32,1,16,850413.0
4,32,1,32,1241076.1
4,32,1,64,1749053.4
4,32,1,128,2042723.5
8,1,1,1,9943869.0
8,1,1,2,4970827.0
8,1,1,4,2490747.5
8,1,1,8,1259058.0
8,1,1,16,674476.9500000001
8,1,1,32,536986.05
8,1,1,64,670725.4500000001
8,1,1,128,711714.1000000001
8,1,2,1,5821565.5
8,1,2,2,2952944.5
8,1,2,4,1614814.0
8,1,2,8,1394619.5
8,1,2,16,1405339.0
8,1,2,32,1403746.0
8,1,2,64,1475907.0
8,1,2,128,1522094.0
8,1,4,1,3587517.5
8,1,4,2,1895797.5
8,1,4,4,1190460.5
8,1,4,8,1092408.5
8,1,4,16,1100117.5
8,1,4,32,1128975.5
8,1,4,64,1175601.0
8,1,8,1,2723191.5
8,1,8,2,1716449.5
8,1,8,4,1480459.5
8,1,8,8,1477153.5
8,1,8,16,1495803.5
8,1,8,32,1519422.5
8,1,8,64,1563863.0
8,1,16,1,2574246.0
8,1,16,2,1683396.5
8,1,16,4,1696262.0
8,1,16,8,1702145.5
8,1,16,16,1724872.5
8,1,16,32,1742863.5
8,1,16,64,1796916.5
8,1,32,1,3187168.5
8,1,32,2,3073999.5
8,1,32,4,3120454.0
8,1,32,8,3130907.5
8,1,32,16,3175463.5
8,1,32,32,3196758.0
8,2,1,1,5070771.5
8,2,1,2,2530079.0
8,2,1,4,1270685.0
8,2,1,8,654541.7499999999
8,2,1,16,666219.4
8,2,1,32,692602.65
8,2,1,64,721226.9000000001
8,2,1,128,780898.3
8,2,2,1,3032103.0
8,2,2,2,1602099.0
8,2,2,4,1437794.5
8,2,2,8,1647515.0
8,2,2,16,1663269.0
8,2,2,32,1631472.5
8,2,2,64,1714041.5
8,2,4,1,2034401.5
8,2,4,2,1262177.0
8,2,4,4,1142012.0
8,2,4,8,1164476.5
8,2,4,16,1173240.5
8,2,4,32,1202023.5
8,2,4,64,1215536.5
8,2,8,1,1793942.0
8,2,8,2,1486981.0
8,2,8,4,1515273.5
8,2,8,8,1533269.5
8,2,8,16,1560877.0
8,2,8,32,1565671.0
8,2,8,64,1581697.0
8,2,16,1,1915718.5
8,2,16,2,1855199.0
8,2,16,4,1916994.5
8,2,16,8,1921437.0
8,2,16,16,1967224.0
8,2,16,32,1977742.0
8,4,1,1,2581984.5
8,4,1,2,1292951.5
8,4,1,4,656242.8
8,4,1,8,378457.9499999999
8,4,1,16,400120.8
8,4,1,32,483392.14999999997
8,4,1,64,522929.59999999986
8,4,1,128,729511.25
8,4,2,1,1662384.5
8,4,2,2,1634890.5
8,4,2,4,2083212.0
8,4,2,8,2031563.5
8,4,2,16,2007678.0
8,4,2,32,2051665.5
8,4,4,1,1433561.0
8,4,4,2,1493192.5
8,4,4,4,1473144.5
8,4,4,8,1492758.5
8,4,4,16,1495239.5
8,4,4,32,1497017.0
8,4,8,1,1670750.5
8,4,8,2,1637034.0
8,4,8,4,1693063.5
8,4,8,8,1712002.0
8,4,8,16,1723345.5
8,4,8,32,1734023.0
8,8,1,1,1445600.5
8,8,1,2,738904.8
8,8,1,4,386014.19999999995
8,8,1,8,392874.69999999995
8,8,1,16,432503.94999999995
8,8,1,32,534615.95
8,8,1,64,679771.1
8,8,1,128,1036334.25
8,8,2,1,2255669.5
8,8,2,2,3224680.0
8,8,2,4,2571055.5
8,8,2,8,2571415.0
8,8,2,16,2582541.5
8,8,4,1,1638714.0
8,8,4,2,1608499.5
8,8,4,4,1641439.0
8,8,4,8,1647184.5
8,8,4,16,1666287.5
8,8,4,32,1722973.0
8,16,1,1,1175329.5
8,16,1,2,611923.5
8,16,1,4,410154.29999999993
8,16,1,8,414650.6
8,16,1,16,484627.4
8,16,1,32,731073.3
8,16,1,64,1022396.3
8,16,1,128,1350742.0
8,16,2,1,3366612.0
8,16,2,2,3387422.0
8,16,2,4,3451843.5
8,16,2,8,3463739.5
8,32,1,1,1173631.25
8,32,1,2,634365.75
8,32,1,4,448451.0
8,32,1,8,471852.55
8,32,1,16,665488.7
8,32,1,32,1143842.3499999999
8,32,1,64,1385326.25
16,1,1,1,9635809.0
16,1,1,2,4826697.5
16,1,1,4,2431427.5
16,1,1,8,1225921.0
16,1,1,16,635333.45
16,1,1,32,396829.19999999995
16,1,1,64,431812.1
16,1,1,128,504673.65
16,1,2,1,5381733.5
16,1,2,2,2731195.0
16,1,2,4,1531135.0
16,1,2,8,1387819.0
16,1,2,16,1419438.5
16,1,2,32,1407550.5
16,1,2,64,1433553.0
16,1,4,1,3168022.0
16,1,4,2,1684430.5
16,1,4,4,1055360.0
16,1,4,8,966143.05
16,1,4,16,965421.3500000001
16,1,4,32,969658.7999999999
16,1,4,64,980405.65
16,1,8,1,1660865.0
16,1,8,2,923647.6000000001
16,1,8,4,645139.3500000001
16,1,8,8,645552.35
16,1,8,16,668451.15
16,1,8,32,678362.8
16,1,8,64,692152.45
16,1,8,128,736936.5
16,1,16,1,1450429.5
16,1,16,2,865559.8999999998
16,1,16,4,874641.7499999999
16,1,16,8,884005.55
16,1,16,16,911422.75
16,1,16,32,920090.5499999999
16,1,16,64,934554.1
16,1,32,1,1412623.5
16,1,32,2,1322686.0
16,1,32,4,1387922.5
16,1,32,8,1390832.0
16,1,32,16,1413906.0
16,1,32,32,1427288.5
16,1,32,64,1443783.5
16,2,1,1,4874960.5
16,2,1,2,2445556.0
16,2,1,4,1236455.0
16,2,1,8,638814.4000000001
16,2,1,16,639086.9500000001
16,2,1,32,655913.95
16,2,1,64,685341.3499999997
16,2,1,128,911258.6
16,2,2,1,2862680.5
16,2,2,2,1530589.5
16,2,2,4,1426584.5
16,2,2,8,1712529.0
16,2,2,16,1726092.5
16,2,2,32,1698942.5
16,2,4,1,1810453.5
16,2,4,2,1170567.0
16,2,4,4,1099008.0
16,2,4,8,1109011.0
16,2,4,16,1107593.5
16,2,4,32,1115739.0
16,2,4,64,1176181.5
16,2,8,1,1203214.0
16,2,8,2,644889.3
16,2,8,4,638864.4500000001
16,2,8,8,647399.55
16,2,8,16,663945.15
16,2,8,32,664874.4
16,2,8,64,700303.0
16,2,16,1,1208746.5
16,2,16,2,928418.1999999998
16,2,16,4,965861.5499999999
16,2,16,8,979075.2000000001
16,2,16,16,994827.55
16,2,16,32,1016098.0
16,2,16,64,1061627.0
16,4,1,1,2488192.5
16,4,1,2,1258281.0
16,4,1,4,645214.9999999999
16,4,1,8,370610.69999999995
16,4,1,16,386908.0999999999
16,4,1,32,436972.74999999994
16,4,1,64,582283.8500000001
16,4,1,128,907721.5499999999
16,4,2,1,1615670.5
16,4,2,2,1694999.0
16,4,2,4,2027359.0
16,4,2,8,2095242.5
16,4,2,16,2067203.5
16,4,4,1,1349731.5
16,4,4,2,1489385.0
16,4,4,4,1476463.0
16,4,4,8,1496679.5
16,4,4,16,1485045.0
16,4,4,32,1542812.0
16,4,8,1,1121241.3
16,4,8,2,653114.2499999999
16,4,8,4,659616.7
16,4,8,8,663243.7999999999
16,4,8,16,677021.55
16,4,8,32,724287.2500000001
16,4,8,64,920817.4500000001
16,8,1,1,1423011.0
16,8,1,2,737319.05
16,8,1,4,396532.7
16,8,1,8,394236.05
16,8,1,16,424220.95
16,8,1,32,603454.4
16,8,1,64,885751.3
16,8,1,128,1138714.1
16,8,2,1,2312307.0
16,8,2,2,3206758.5
16,8,2,4,2611019.0
16,8,2,8,2560772.5
16,8,4,1,1616072.0
16,8,4,2,1607930.5
16,8,4,4,1623142.5
16,8,4,8,1630761.5
16,8,4,16,1654152.5
16,16,1,1,1147375.5
16,16,1,2,638353.4
16,16,1,4,425253.1
16,16,1,8,426418.5499999999
16,16,1,16,575488.5999999999
16,16,1,32,947553.1
16,16,1,64,1145874.2
16,16,2,1,3548068.0
16,16,2,2,3531964.0
16,16,2,4,3570668.0
16,32,1,1,1317752.5
16,32,1,2,690716.0499999999
16,32,1,4,465439.8000000001
16,32,1,8,556207.8500000001
16,32,1,16,792741.15
16,32,1,32,1096939.4
32,1,1,1,9504408.0
32,1,1,2,4769001.5
32,1,1,4,2405287.0
32,1,1,8,1224264.0
32,1,1,16,627093.6499999999
32,1,1,32,396605.04999999993
32,1,1,64,425048.04999999993
32,1,1,128,582562.8
32,1,2,1,5165960.0
32,1,2,2,2631633.5
32,1,2,4,1527832.0
32,1,2,8,1454673.5
32,1,2,16,1492947.0
32,1,2,32,1487270.5
32,1,4,1,2967591.5
32,1,4,2,1600130.0
32,1,4,4,1023582.55
32,1,4,8,953742.45
32,1,4,16,933649.3
32,1,4,32,921007.3500000001
32,1,4,64,963825.2
32,1,8,1,1487184.5
32,1,8,2,823673.0499999999
32,1,8,4,587113.35
32,1,8,8,596180.6499999999
32,1,8,16,606144.45
32,1,8,32,619580.8500000001
32,1,8,64,637329.1500000001
32,1,16,1,1207782.5
32,1,16,2,669213.4999999999
32,1,16,4,674884.3000000002
32,1,16,8,687517.0499999999
32,1,16,16,694047.35
32,1,16,32,703017.85
32,1,16,64,730602.15
32,1,32,1,1241566.0
32,1,32,2,1003161.3
32,1,32,4,1043423.0
32,1,32,8,1067196.5
32,1,32,16,1079153.0
32,1,32,32,1093373.0
32,2,1,1,4795608.5
32,2,1,2,2421266.5
32,2,1,4,1234711.5
32,2,1,8,632062.0500000002
32,2,1,16,641982.5499999999
32,2,1,32,689370.25
32,2,1,64,859211.2000000002
32,2,1,128,1237459.0
32,2,2,1,2764831.0
32,2,2,2,1495466.0
32,2,2,4,1466324.5
32,2,2,8,1845680.0
32,2,2,16,1850742.5
32,2,4,1,1735439.0
32,2,4,2,1151204.0
32,2,4,4,1115944.5
32,2,4,8,1126406.5
32,2,4,16,1148283.0
32,2,4,32,1164680.5
32,2,8,1,1119043.05
32,2,8,2,606470.3
32,2,8,4,591562.9999999999
32,2,8,8,590628.3
32,2,8,16,603011.15
32,2,8,32,638702.85
32,2,8,64,808187.8999999998
32,2,16,1,1143463.5
32,2,16,2,682738.2999999999
32,2,16,4,690700.3500000002
32,2,16,8,694871.2000000001
32,2,16,16,709683.3999999999
32,2,16,32,758322.6000000001
32,4,1,1,2462616.5
32,4,1,2,1263552.5
32,4,1,4,653373.4
32,4,1,8,389944.30000000005
32,4,1,16,410076.25
32,4,1,32,560743.85
32,4,1,64,829065.9
32,4,1,128,1062789.25
32,4,2,1,1633230.0
32,4,2,2,1752521.5
32,4,2,4,2066019.5
32,4,2,8,2057573.0
32,4,4,1,1341466.5
32,4,4,2,1495200.5
32,4,4,4,1429292.0
32,4,4,8,1485816.0
32,4,4,16,1457552.5
32,4,8,1,1106526.45
32,4,8,2,634013.3500000001
32,4,8,4,553710.05
32,4,8,8,563522.0
32,4,8,16,588073.15
32,4,8,32,762678.0
32,4,8,64,1085632.1
32,8,1,1,1448770.0
32,8,1,2,764121.15
32,8,1,4,422815.7
32,8,1,8,432636.44999999995
32,8,1,16,557388.7999999999
32,8,1,32,870697.55
32,8,1,64,1104836.6
32,8,2,1,2404523.0
32,8,2,2,2777171.5
32,8,2,4,2600549.5
32,8,4,1,1646975.5
32,8,4,2,1628563.5
32,8,4,4,1641365.5
32,8,4,8,1650396.0
32,16,1,1,1265503.0
32,16,1,2,709194.55
32,16,1,4,467222.6500000001
32,16,1,8,544959.6499999999
32,16,1,16,786942.25
32,16,1,32,1041185.75
32,16,2,1,3663730.5
32,16,2,2,3633171.5
32,32,1,1,1409904.5
32,32,1,2,734527.0
32,32,1,4,618173.2000000001
32,32,1,8,798154.75
32,32,1,16,903698.75
64,1,1,1,9464857.5
64,1,1,2,4775187.5
64,1,1,4,2423798.0
64,1,1,8,1224847.5
64,1,1,16,642935.7500000001
64,1,1,32,433122.95
64,1,1,64,553432.4999999999
64,1,1,128,828804.3999999999
64,1,2,1,5088498.0
64,1,2,2,2607352.5
64,1,2,4,1553163.0
64,1,2,8,1546521.0
64,1,2,16,1576917.5
64,1,4,1,2852347.5
64,1,4,2,1568117.5
64,1,4,4,1021628.25
64,1,4,8,999922.1000000001
64,1,4,16,1007272.9
64,1,4,32,1005822.65
64,1,8,1,1399561.5
64,1,8,2,792094.2000000001
64,1,8,4,583960.15
64,1,8,8,580795.0499999999
64,1,8,16,594485.7999999999
64,1,8,32,636346.3999999998
64,1,8,64,818205.4
64,1,16,1,1139734.4
64,1,16,2,632713.7499999999
64,1,16,4,618934.0999999999
64,1,16,8,611078.6499999999
64,1,16,16,623723.2
64,1,16,32,654151.5
64,1,32,1,1150853.5
64,1,32,2,725917.9
64,1,32,4,744572.7000000002
64,1,32,8,747067.3500000001
64,1,32,16,761284.5999999999
64,1,32,32,805385.6000000001
64,2,1,1,4791448.0
64,2,1,2,2439953.0
64,2,1,4,1240007.0
64,2,1,8,653558.1000000001
64,2,1,16,688400.5
64,2,1,32,868650.85
64,2,1,64,1232083.5
64,2,1,128,1428499.5
64,2,2,1,2724495.5
64,2,2,2,1512603.0
64,2,2,4,1503068.5
64,2,2,8,2130649.0
64,2,4,1,1694509.0
64,2,4,2,1145581.5
64,2,4,4,1128623.0
64,2,4,8,1139616.0
64,2,4,16,1144583.5
64,2,8,1,1124811.0
64,2,8,2,644031.2999999999
64,2,8,4,580268.7
64,2,8,8,595663.0499999999
64,2,8,16,624502.4
64,2,8,32,776516.0000000001
64,2,8,64,1082969.3
64,2,16,1,1102638.4
64,2,16,2,674989.05
64,2,16,4,592248.6500000001
64,2,16,8,596744.7500000001
64,2,16,16,626326.2999999999
64,2,16,32,789250.45
64,4,1,1,2490157.0
64,4,1,2,1276866.0
64,4,1,4,684671.55
64,4,1,8,436276.10000000003
64,4,1,16,565838.9
64,4,1,32,856516.75
64,4,1,64,1096280.45
64,4,2,1,1684355.5
64,4,2,2,1779639.0
64,4,2,4,2343075.0
64,4,4,1,1386104.5
64,4,4,2,1433613.0
64,4,4,4,1396880.0
64,4,4,8,1495952.5
64,4,8,1,1146422.7
64,4,8,2,654839.1
64,4,8,4,544227.3999999999
64,4,8,8,563333.1
64,4,8,16,711488.2000000002
64,4,8,32,1032773.4
64,8,1,1,1473857.0
64,8,1,2,807564.3
64,8,1,4,496027.3
64,8,1,8,575804.75
64,8,1,16,882913.4
64,8,1,32,990359.15
64,8,2,1,2470410.0
64,8,2,2,2943573.0
64,8,4,1,1725353.0
64,8,4,2,1702776.0
64,8,4,4,1704262.5
64,16,1,1,1417306.0
64,16,1,2,777809.5999999999
64,16,1,4,599997.3999999999
64,16,1,8,774535.4499999998
64,16,1,16,902293.2999999999
64,16,2,1,3785411.5
64,32,1,1,1377126.0
64,32,1,2,846894.55
64,32,1,4,894153.15
64,32,1,8,887167.05
128,1,1,1,9494627.0
128,1,1,2,4823180.5
128,1,1,4,2428842.0
128,1,1,8,1245312.0
128,1,1,16,683773.4000000001
128,1,1,32,585511.75
128,1,1,64,825434.7500000001
128,1,1,128,1007427.0
128,1,2,1,5088392.0
128,1,2,2,2627981.5
128,1,2,4,1579672.0
128,1,2,8,1745594.5
128,1,4,1,2830836.5
128,1,4,2,1564484.0
128,1,4,4,1034153.3
128,1,4,8,1061218.25
128,1,4,16,1060533.8
128,1,8,1,1393885.5
128,1,8,2,787837.4999999999
128,1,8,4,594203.2500000001
128,1,8,8,584683.1499999999
128,1,8,16,607085.7000000001
128,1,8,32,767355.6000000001
128,1,8,64,1095046.5
128,1,16,1,1150010.8
128,1,16,2,676117.2999999999
128,1,16,4,587923.4
128,1,16,8,600171.4500000001
128,1,16,16,630822.25
128,1,16,32,771568.95
128,1,32,1,1113292.0
128,1,32,2,677613.2000000001
128,1,32,4,614983.65
128,1,32,8,618387.05
128,1,32,16,647992.4999999999
128,1,32,32,826326.1
128,2,1,1,4844707.0
128,2,1,2,2456199.0
128,2,1,4,1263483.0
128,2,1,8,695768.1000000001
128,2,1,16,847639.2
128,2,1,32,1219317.5
128,2,1,64,1379446.5
128,2,2,1,2741303.5
128,2,2,2,1542959.5
128,2,2,4,1533938.5
128,2,4,1,1703050.0
128,2,4,2,1149858.0
128,2,4,4,1190713.0
128,2,4,8,1214805.5
128,2,8,1,1158827.0
128,2,8,2,692590.3
128,2,8,4,600844.15
128,2,8,8,616713.5000000001
128,2,8,16,743395.15
128,2,8,32,1073602.0
128,2,16,1,1141822.6
128,2,16,2,680404.05
128,2,16,4,542089.7999999999
128,2,16,8,551657.05
128,2,16,16,675669.1
128,2,16,32,972251.95
128,4,1,1,2506924.0
128,4,1,2,1308356.0
128,4,1,4,721872.1
128,4,1,8,548040.3
128,4,1,16,741210.75
128,4,1,32,926650.5
128,4,2,1,1714982.5
128,4,2,2,1778879.5
128,4,4,1,1409786.5
128,4,4,2,1500423.0
128,4,4,4,1489556.5
128,4,8,1,1263758.5
128,4,8,2,721574.2999999999
128,4,8,4,553702.8499999999
128,4,8,8,651410.45
128,4,8,16,900338.2499999998
128,8,1,1,1522639.5
128,8,1,2,861414.65
128,8,1,4,600366.3
128,8,1,8,756862.2999999999
128,8,1,16,848678.8500000002
128,8,2,1,2569401.5
128,8,4,1,1788119.5
128,8,4,2,1778851.0
128,16,1,1,1427118.0
128,16,1,2,855120.35
128,16,1,4,863027.1500000001
128,16,1,8,840725.3000000002
128,32,1,1,1470170.0
128,32,1,2,1150462.5
128,32,1,4,1020294.65
256,1,1,1,9614957.5
256,1,1,2,4833991.5
256,1,1,4,2451123.5
256,1,1,8,1283201.0
256,1,1,16,840068.9999999999
256,1,1,32,819101.7499999999
256,1,1,64,966299.8499999999
256,1,2,1,5146013.0
256,1,2,2,2634830.0
256,1,2,4,1585328.5
256,1,4,1,2857599.5
256,1,4,2,1589986.0
256,1,4,4,1059422.0
256,1,4,8,1102068.2
256,1,8,1,1405880.5
256,1,8,2,801267.7000000002
256,1,8,4,594696.7
256,1,8,8,621777.7499999999
256,1,8,16,763400.8
256,1,8,32,1055866.15
256,1,16,1,1176404.5
256,1,16,2,706175.3500000001
256,1,16,4,585320.2499999999
256,1,16,8,603839.7999999999
256,1,16,16,722883.4500000002
256,1,16,32,1044866.3999999999
256,1,32,1,1130348.15
256,1,32,2,704610.9999999999
256,1,32,4,567399.0
256,1,32,8,572799.2000000001
256,1,32,16,708776.6500000001
256,2,1,1,4867122.5
256,2,1,2,2488196.5
256,2,1,4,1302794.0
256,2,1,8,845352.2499999999
256,2,1,16,1130266.0
256,2,1,32,1313367.0
256,2,2,1,2755700.5
256,2,2,2,1583161.5
256,2,4,1,1712741.5
256,2,4,2,1205560.0
256,2,4,4,1201578.0
256,2,8,1,1231699.0
256,2,8,2,748459.2500000002
256,2,8,4,624191.6
256,2,8,8,731009.9500000001
256,2,8,16,982304.9499999998
256,2,16,1,1301103.5
256,2,16,2,702730.9
256,2,16,4,550065.1499999999
256,2,16,8,636665.8500000001
256,2,16,16,861854.0
256,4,1,1,2566439.0
256,4,1,2,1371591.0
256,4,1,4,899199.9500000001
256,4,1,8,757326.4
256,4,1,16,820880.7999999999
256,4,2,1,1776218.5
256,4,4,1,1469674.5
256,4,4,2,1591947.0
256,4,8,1,1334881.0
256,4,8,2,746106.7000000002
256,4,8,4,699079.0999999999
256,4,8,8,875553.45
256,8,1,1,1627315.0
256,8,1,2,1106144.5
256,8,1,4,853039.65
256,8,1,8,838907.3
256,8,4,1,1923946.0
256,16,1,1,1533596.0
256,16,1,2,1115169.5
256,16,1,4,1007247.0499999999
512,1,1,1,9640756.0
512,1,1,2,4870660.5
512,1,1,4,2499093.0
512,1,1,8,1582545.0
512,1,1,16,1199015.5
512,1,1,32,983665.75
512,1,2,1,5167761.0
512,1,2,2,2675026.0
512,1,4,1,2882497.0
512,1,4,2,1632867.0
512,1,4,4,1129316.5
512,1,8,1,1429664.5
512,1,8,2,835464.6000000001
512,1,8,4,639003.85
512,1,8,8,776206.9500000001
512,1,8,16,1025396.45
512,1,16,1,1245164.5
512,1,16,2,736651.85
512,1,16,4,663841.3999999999
512,1,16,8,775022.1999999998
512,1,16,16,1034678.05
512,1,32,1,1263375.05
512,1,32,2,733139.35
512,1,32,4,567748.2000000001
512,1,32,8,663949.3500000001
512,1,32,16,899677.4500000001
512,2,1,1,4930010.0
512,2,1,2,2558092.0
512,2,1,4,1605548.5
512,2,1,8,1209503.5
512,2,1,16,1283086.0
512,2,2,1,2802431.0
512,2,4,1,1760367.0
512,2,4,2,1294058.0
512,2,8,1,1328855.0
512,2,8,2,777814.9999999999
512,2,8,4,802516.15
512,2,8,8,1006082.2
512,2,16,1,1297540.0
512,2,16,2,736562.3000000002
512,2,16,4,699299.2999999999
512,2,16,8,885601.75
512,4,1,1,2687863.0
512,4,1,2,1740594.5
512,4,1,4,1282910.0
512,4,1,8,896469.2
512,4,4,1,1587343.5
512,4,8,1,1345786.0
512,4,8,2,899350.1
512,4,8,4,1003819.4
512,8,1,1,2115827.0
512,8,1,2,1632509.5
512,8,1,4,1071544.0
1024,1,1,1,9709921.5
1024,1,1,2,4944276.0
1024,1,1,4,3055254.5
1024,1,1,8,2219830.5
1024,1,1,16,1341786.0
1024,1,2,1,5231833.0
1024,1,4,1,2942827.0
1024,1,4,2,1711946.0
1024,1,8,1,1512844.5
1024,1,8,2,912210.8
1024,1,8,4,829432.6000000001
1024,1,8,8,1108473.15
1024,1,16,1,1358500.5
1024,1,16,2,810798.4999999999
1024,1,16,4,867826.7500000001
1024,1,16,8,1078753.15
1024,1,32,1,1356986.0
1024,1,32,2,788501.65
1024,1,32,4,718664.8999999999
1024,1,32,8,919021.1500000001
1024,2,1,1,5067433.0
1024,2,1,2,3186039.5
1024,2,1,4,2253646.0
1024,2,1,8,1363155.5
1024,2,4,1,1901664.5
1024,2,8,1,1413715.0
1024,2,8,2,996317.4999999999
1024,2,8,4,1153592.5
1024,2,16,1,1339709.5
1024,2,16,2,895462.2000000001
1024,2,16,4,1006219.7999999999
1024,4,1,1,3402556.0
1024,4,1,2,2493433.0
1024,4,1,4,1505689.0
1024,4,8,1,1466882.5
1024,4,8,2,1264554.0
